SEMBOL  3.DİRENÇ  2.DİRENÇ  1.DİRENÇ  PİVOT     1.DESTEK  2.DESTEK  3.DESTEK  SON       
XU030   17681     17515     17381     17214     17080     16914     16780     17247,40  
XU050   13488     13390     13305     13207     13122     13023     12938     13220,25  
XU100   14739     14639     14553     14453     14367     14267     14181     14467,25  
XUTUM   18758     18657     18576     18475     18394     18292     18211     18495,40  
FXU030  173,41    172,19    170,76    169,54    168,11    166,89    165,46    nan       
XBANK   17540     17342     17185     16987     16830     16632     16475     17027,72  
XBLSM   7267      7232      7172      7138      7078      7043      6984      7113,44   
XELKT   802       799       795       792       788       785       781       791,65    
XGMYO   6553      6518      6458      6423      6363      6328      6268      6398,29   
XGIDA   16275     16140     16037     15903     15800     15666     15563     15935,51  
XHOLD   15052     14964     14896     14807     14740     14651     14584     14829,42  
XINSA   23817     23580     23396     23160     22976     22740     22556     23213,06  
XILTM   2906      2825      2767      2686      2628      2546      2488      2709,28   
XINSA   23817     23580     23396     23160     22976     22740     22556     23213,06  
XILTM   2906      2825      2767      2686      2628      2546      2488      2709,28   
XKAGT   7826      7755      7678      7607      7530      7459      7382      7601,76   
XMESY   29704     29291     29083     28670     28463     28049     27842     28876,69  
XMADN   16421     16220     15995     15794     15570     15369     15144     15771,20  
XSGRT   75450     74893     74339     73782     73227     72671     72116     73784,35  
XSPOR   2106      2078      2063      2035      2020      1992      1977      2048,33   
XTRZM   1851      1829      1814      1792      1777      1755      1740      1799,60   
XTCRT   38753     38384     38131     37763     37510     37141     36889     37879,27  
XTAST   13427     13364     13307     13244     13187     13124     13066     13249,56  
XTEKS   4047      4015      3979      3946      3910      3877      3841      3943,06   
XUHIZ   13053     12949     12871     12767     12690     12586     12508     12793,68  
XULAS   36239     35984     35722     35467     35206     34951     34689     35460,97  
XUSIN   20377     20240     20153     20016     19928     19791     19704     20065,47  
XUTEK   47328     47011     46534     46218     45740     45424     44947     46057,38  
XULASG  77803     77255     76693     76146     75583     75036     74474     76131,13  
A1CAP   7,47      7,39      7,27      7,19      7,07      6,99      6,87      7,15      
A1YEN   2,78      2,75      2,70      2,67      2,62      2,59      2,54      2,65      
ACSEL   118,36    116,73    114,16    112,53    109,96    108,33    105,76    111,60    
ADEL    33,01     32,68     32,41     32,08     31,81     31,48     31,21     32,14     
ADESE   0,89      0,88      0,86      0,85      0,83      0,82      0,80      0,85      
ADGYO   61,21     60,73     60,31     59,83     59,41     58,93     58,51     59,90     
AEFES   20,40     20,18     19,96     19,74     19,52     19,30     19,08     19,74     
AFYON   12,77     12,68     12,60     12,51     12,43     12,34     12,26     12,52     
AGESA   260,66    259,33    256,66    255,33    252,66    251,33    248,66    254,00    
AGHOL   35,34     34,84     34,52     34,02     33,70     33,20     32,88     34,20     
AGROT   2,01      1,99      1,96      1,94      1,91      1,89      1,86      1,94      
AGYO    8,80      8,45      8,11      7,76      7,42      7,07      6,73      7,78      
AHGAZ   43,00     41,94     41,24     40,18     39,48     38,42     37,72     40,54     
AHSGY   18,49     17,79     17,44     16,74     16,39     15,69     15,34     17,09     
AKBNK   75,26     74,43     73,56     72,73     71,86     71,03     70,16     72,70     
AKCNS   241,33    237,16    228,83    224,66    216,33    212,16    203,83    220,50    
AKENR   10,93     10,84     10,67     10,58     10,41     10,32     10,15     10,50     
AKFGY   3,34      3,21      3,04      2,91      2,74      2,61      2,44      2,87      
AKFIS   18,56     18,13     17,30     16,87     16,04     15,61     14,78     16,48     
AKFYE   30,22     29,26     27,34     26,38     24,46     23,50     21,58     25,42     
AKGRT   6,15      6,11      6,08      6,04      6,01      5,97      5,94      6,06      
AKHAN   39,51     38,82     37,57     36,88     35,63     34,94     33,69     36,32     
AKMGY   270,00    265,00    255,00    250,00    240,00    235,00    225,00    245,00    
AKSA    11,61     11,54     11,46     11,39     11,31     11,24     11,16     11,39     
AKSEN   83,00     82,10     81,05     80,15     79,10     78,20     77,15     80,00     
AKSGY   10,58     10,39     10,29     10,10     10,00     98,13     97,16     10,20     
AKSUE   29,00     28,37     27,88     27,25     26,76     26,13     25,64     27,40     
AKYHO   2,35      2,30      2,25      2,20      2,15      2,10      2,05      2,21      
ALARK   121,23    119,86    118,63    117,26    116,03    114,66    113,43    117,40    
ALBRK   9,38      9,33      9,24      9,19      9,10      9,05      8,96      9,15      
ALCAR   799,66    784,83    755,16    740,33    710,66    695,83    666,16    725,50    
ALCTL   117,00    115,60    114,00    112,60    111,00    109,60    108,00    112,40    
ALFAS   39,92     39,67     39,30     39,05     38,68     38,43     38,06     38,94     
ALGYO   3,96      3,88      3,84      3,76      3,72      3,64      3,60      3,80      
ALKA    8,58      8,48      8,37      8,27      8,16      8,06      7,95      8,27      
ALKIM   16,73     16,51     16,25     16,03     15,77     15,55     15,29     15,99     
ALKLC   564,33    540,66    521,58    497,91    478,83    455,16    436,08    502,50    
ALTINS  76,55     75,86     75,18     74,49     73,81     73,12     72,44     74,50     
ALTNY   18,81     18,53     18,01     17,73     17,21     16,93     16,41     17,49     
ALVES   1,08      1,08      1,08      1,08      1,08      1,08      1,08      1,08      
ANELE   177,70    177,70    177,70    177,70    177,70    177,70    177,70    177,70    
ANGEN   9,16      9,11      9,02      8,97      8,88      8,83      8,74      8,93      
ANHYT   112,76    111,03    110,06    108,33    107,36    105,63    104,66    109,10    
ANSGR   27,18     26,95     26,72     26,49     26,26     26,03     25,80     26,50     
ARASE   125,10    124,20    123,10    122,20    121,10    120,20    119,10    122,00    
ARCLK   98,90     97,80     96,80     95,70     94,70     93,60     92,60     95,80     
ARDYZ   84,91     83,38     81,91     80,38     78,91     77,38     75,91     80,45     
ARENA   20,28     20,15     19,93     19,80     19,58     19,45     19,23     19,72     
ARFYE   21,31     20,98     20,59     20,26     19,87     19,54     19,15     20,20     
ARMGD   205,86    198,93    188,46    181,53    171,06    164,13    153,66    178,00    
ARSAN   4,34      4,24      4,16      4,06      3,98      3,88      3,80      4,08      
ARTMS   44,46     43,43     42,32     41,29     40,18     39,15     38,04     41,22     
ARZUM   1,59      1,57      1,55      1,53      1,51      1,49      1,47      1,53      
ASELS   408,41    404,58    399,16    395,33    389,91    386,08    380,66    393,75    
ASGYO   11,41     11,36     11,31     11,26     11,21     11,16     11,11     11,26     
ASTOR   315,58    306,66    300,33    291,41    285,08    276,16    269,83    294,00    
ASUZU   49,13     48,86     48,49     48,22     47,85     47,58     47,21     48,12     
ATAGY   10,59     10,45     10,28     10,14     99,73     98,36     96,63     10,11     
ATAKP   41,59     41,22     40,61     40,24     39,63     39,26     38,65     40,00     
ATATP   299,00    294,75    286,25    282,00    273,50    269,25    260,75    277,75    
ATATR   15,25     14,79     14,38     13,92     13,51     13,05     12,64     13,98     
ATEKS   10,12     99,63     97,51     95,88     93,76     92,13     90,01     95,40     
ATLAS   6,86      6,69      6,45      6,28      6,04      5,87      5,63      6,21      
ATSYH   126,83    125,06    123,53    121,76    120,23    118,46    116,93    122,00    
AVGYO   18,73     17,96     17,54     16,77     16,35     15,58     15,16     17,13     
AVHOL   36,22     35,45     35,06     34,29     33,90     33,13     32,74     34,68     
AVOD    4,68      4,61      4,47      4,40      4,26      4,19      4,05      4,33      
AVPGY   59,01     58,08     57,01     56,08     55,01     54,08     53,01     55,95     
AVTUR   13,41     13,18     12,98     12,75     12,55     12,32     12,12     12,78     
AYCES   458,83    447,16    437,08    425,41    415,33    403,66    393,58    427,00    
AYDEM   27,80     27,40     27,08     26,68     26,36     25,96     25,64     26,76     
AYEN    32,42     32,19     31,72     31,49     31,02     30,79     30,32     31,26     
AYES    29,10     28,93     28,58     28,41     28,06     27,89     27,54     28,24     
AYGAZ   338,50    335,75    331,75    329,00    325,00    322,25    318,25    327,75    
AZTEK   3,77      3,74      3,69      3,66      3,61      3,58      3,53      3,65      
BAGFS   30,57     29,94     28,97     28,34     27,37     26,74     25,77     28,00     
BAHKM   210,50    197,10    190,40    177,00    170,30    156,90    150,20    183,70    
BAKAB   39,26     38,89     38,24     37,87     37,22     36,85     36,20     37,60     
BALAT   71,71     71,18     70,21     69,68     68,71     68,18     67,21     69,25     
BALSU   9,69      9,37      9,05      8,73      8,41      8,09      7,77      8,73      
BANVT   168,33    163,66    158,83    154,16    149,33    144,66    139,83    154,00    
BARMA   10,14     10,07     10,03     99,63     99,26     98,53     98,16     10,00     
BASCM   14,24     13,94     13,47     13,17     12,70     12,40     11,93     13,00     
BASGZ   46,35     46,04     45,57     45,26     44,79     44,48     44,01     45,10     
BAYRK   4,29      4,25      4,18      4,14      4,07      4,03      3,96      4,12      
BEGYO   3,48      3,44      3,39      3,35      3,30      3,26      3,21      3,34      
BERA    14,29     14,21     14,08     14,00     13,87     13,79     13,66     13,95     
BESLR   13,39     13,29     13,18     13,08     12,97     12,87     12,76     13,07     
BESTE   32,61     32,10     31,29     30,78     29,97     29,46     28,65     30,48     
BEYAZ   25,62     24,80     23,88     23,06     22,14     21,32     20,40     22,96     
BFREN   135,06    133,53    131,16    129,63    127,26    125,73    123,36    128,80    
BIENY   20,86     20,74     20,50     20,38     20,14     20,02     19,78     20,26     
BIGCH   5,95      5,86      5,75      5,66      5,55      5,46      5,35      5,65      
BIGEN   156,53    151,26    147,63    142,36    138,73    133,46    129,83    144,00    
BIGTK   330,58    315,16    303,08    287,66    275,58    260,16    248,08    291,00    
BIMAS   448,00    442,75    438,75    433,50    429,50    424,25    420,25    434,75    
BINBN   179,36    178,33    177,16    176,13    174,96    173,93    172,76    176,00    
BINHO   1,04      1,02      1,01      9,91      9,73      9,53      9,35      9,94      
BIOEN   20,29     19,93     19,62     19,26     18,95     18,59     18,28     19,32     
BIZIM   26,64     26,29     25,70     25,35     24,76     24,41     23,82     25,12     
BJKAS   3,05      2,94      2,88      2,77      2,71      2,60      2,54      2,83      
BLCYT   2,31      2,27      2,19      2,15      2,07      2,03      1,95      2,11      
BLUME   40,18     39,22     38,12     37,16     36,06     35,10     34,00     37,02     
BMSCH   13,13     12,66     12,13     11,66     11,13     10,66     10,13     11,60     
BMSTL   45,04     44,72     44,08     43,76     43,12     42,80     42,16     43,44     
BNTAS   6,48      6,43      6,36      6,31      6,24      6,19      6,12      6,29      
BOBET   27,43     26,10     25,41     24,08     23,39     22,06     21,37     24,72     
BORLS   3,24      3,16      3,07      2,99      2,90      2,82      2,73      2,98      
BORSK   6,95      6,83      6,64      6,52      6,33      6,21      6,02      6,45      
BOSSA   6,67      6,63      6,58      6,54      6,49      6,45      6,40      6,54      
BRISA   80,85     79,65     79,05     77,85     77,25     76,05     75,45     78,45     
BRKO    11,73     11,56     11,23     11,06     10,73     10,56     10,23     10,90     
BRKSN   8,11      8,01      7,89      7,79      7,67      7,57      7,45      7,77      
BRKVY   89,63     87,11     85,03     82,51     80,43     77,91     75,83     82,95     
BRLSM   18,84     18,51     17,96     17,63     17,08     16,75     16,20     17,41     
BRMEN   12,71     12,61     12,55     12,45     12,39     12,29     12,23     12,50     
BRSAN   720,16    715,33    708,16    703,33    696,16    691,33    684,16    701,00    
BRYAT   1806,00   1779,00   1754,00   1727,00   1702,00   1675,00   1650,00   1729,00   
BSOKE   23,49     22,94     21,89     21,34     20,29     19,74     18,69     20,84     
BTCIM   4,13      4,07      3,99      3,93      3,85      3,79      3,71      3,91      
BUCIM   6,09      6,01      5,94      5,86      5,79      5,71      5,64      5,87      
BULGS   34,50     33,23     32,52     31,25     30,54     29,27     28,56     31,82     
BURCE   33,87     33,52     32,93     32,58     31,99     31,64     31,05     32,34     
BURVA   665,00    652,00    631,00    618,00    597,00    584,00    563,00    610,00    
BVSAN   160,03    153,46    141,13    134,56    122,23    115,66    103,33    128,80    
BYDNR   37,27     36,76     35,83     35,32     34,39     33,88     32,95     34,90     
CANTE   1,41      1,38      1,35      1,32      1,29      1,26      1,23      1,32      
CASA    72,00     70,80     68,40     67,20     64,80     63,60     61,20     66,00     
CATES   72,23     70,16     68,58     66,51     64,93     62,86     61,28     67,00     
CCOLA   82,06     81,13     80,66     79,73     79,26     78,33     77,86     80,20     
CELHA   29,44     28,57     27,98     27,11     26,52     25,65     25,06     27,40     
CEMAS   4,40      4,36      4,27      4,23      4,14      4,10      4,01      4,19      
CEMTS   9,08      9,01      8,94      8,87      8,80      8,73      8,66      8,87      
CEMZY   15,61     15,22     14,71     14,32     13,81     13,42     12,91     14,20     
CEOEM   32,68     30,80     29,86     27,98     27,04     25,16     24,22     28,92     
CGCAM   33,57     33,12     32,59     32,14     31,61     31,16     30,63     32,06     
CIMSA   46,57     46,20     45,93     45,56     45,29     44,92     44,65     45,66     
CLEBI   1486,33   1477,66   1470,33   1461,66   1454,33   1445,66   1438,33   1463,00   
CMBTN   1781,66   1721,33   1670,66   1610,33   1559,66   1499,33   1448,66   1620,00   
CMENT   261,06    255,03    251,96    245,93    242,86    236,83    233,76    248,90    
CONSE   2,34      2,32      2,29      2,27      2,24      2,22      2,19      2,27      
COSMO   122,06    119,93    117,26    115,13    112,46    110,33    107,66    114,60    
CRDFA   25,54     25,20     24,66     24,32     23,78     23,44     22,90     24,12     
CRFSA   277,43    270,96    259,73    253,26    242,03    235,56    224,33    248,50    
CUSAN   25,76     25,48     25,24     24,96     24,72     24,44     24,20     25,00     
CVKMD   15,53     15,41     15,24     15,12     14,95     14,83     14,66     15,08     
CWENE   32,51     31,88     31,05     30,42     29,59     28,96     28,13     30,22     
DAGI    9,64      9,53      9,34      9,23      9,04      8,93      8,74      9,16      
DAPGM   8,97      8,75      8,47      8,25      7,97      7,75      7,47      8,20      
DARDL   1,62      1,60      1,59      1,57      1,56      1,54      1,53      1,58      
DCTTR   7,77      7,38      6,60      6,21      5,43      5,04      4,26      5,83      
DENGE   2,58      2,55      2,49      2,46      2,40      2,37      2,31      2,44      
DERHL   2,14      2,12      2,10      2,08      2,06      2,04      2,02      2,08      
DERIM   37,16     36,56     35,80     35,20     34,44     33,84     33,08     35,04     
DESA    1,02      1,00      9,93      9,74      9,59      9,40      9,25      9,78      
DESPC   42,18     41,38     40,76     39,96     39,34     38,54     37,92     40,14     
DEVA    114,83    112,06    107,33    104,56    998,33    970,66    923,33    102,60    
DGATE   91,48     90,36     89,28     88,16     87,08     85,96     84,88     88,20     
DGGYO   34,35     33,88     33,65     33,18     32,95     32,48     32,25     33,42     
DGNMO   7,37      7,18      7,03      6,84      6,69      6,50      6,35      6,88      
DIRIT   27,22     26,90     26,26     25,94     25,30     24,98     24,34     25,62     
DITAS   21,06     20,53     19,90     19,37     18,74     18,21     17,58     19,28     
DMLKTG  7,26      7,20      7,15      7,09      7,04      6,98      6,93      7,10      
DMRGD   11,00     10,89     10,67     10,56     10,34     10,23     10,01     10,46     
DMSAS   8,35      8,30      8,20      8,15      8,05      8,00      7,90      8,10      
DNISI   5,24      5,16      5,02      4,94      4,80      4,72      4,58      4,88      
DOAS    167,50    166,50    165,80    164,80    164,10    163,10    162,40    165,10    
DOCO    11399,17  11340,83  11236,67  11178,33  11074,17  11015,83  10911,67  11132,50  
DOFER   28,64     28,41     28,06     27,83     27,48     27,25     26,90     27,72     
DOFRB   115,93    114,96    113,63    112,66    111,33    110,36    109,03    112,30    
DOGUB   69,43     68,01     65,83     64,41     62,23     60,81     58,63     63,65     
DOHOL   22,42     22,20     22,04     21,82     21,66     21,44     21,28     21,88     
DOKTA   24,43     24,06     23,75     23,38     23,07     22,70     22,39     23,44     
DSTKF   2746,50   2637,00   2581,00   2471,50   2415,50   2306,00   2250,00   2525,00   
DUNYH   124,40    121,60    116,50    113,70    108,60    105,80    100,70    111,40    
DURDO   5,33      5,28      5,24      5,19      5,15      5,10      5,06      5,20      
DURKN   21,22     20,91     20,56     20,25     19,90     19,59     19,24     20,22     
DYOBY   13,68     13,55     13,42     13,29     13,16     13,03     12,90     13,30     
DZGYO   8,18      8,05      7,82      7,69      7,46      7,33      7,10      7,60      
EBEBK   91,73     88,86     87,03     84,16     82,33     79,46     77,63     85,20     
ECILC   77,75     76,50     74,40     73,15     71,05     69,80     67,70     72,30     
ECOGR   41,74     40,27     38,98     37,51     36,22     34,75     33,46     37,70     
ECZYT   318,33    315,41    311,33    308,41    304,33    301,41    297,33    307,25    
EDATA   17,22     16,93     16,67     16,38     16,12     15,83     15,57     16,41     
EDIP    36,37     36,16     35,91     35,70     35,45     35,24     34,99     35,66     
EFOR    22,34     21,34     20,70     19,70     19,06     18,06     17,42     20,06     
EGEEN   6730,83   6379,16   6203,33   5851,66   5675,83   5324,16   5148,33   6027,50   
EGEGY   26,88     26,53     25,94     25,59     25,00     24,65     24,06     25,36     
EGEPO   11,49     11,24     10,75     10,50     10,01     97,66     92,73     10,26     
EGGUB   114,46    113,53    112,86    111,93    111,26    110,33    109,66    112,20    
EGPRO   41,13     40,06     39,53     38,46     37,93     36,86     36,33     39,00     
EGSER   3,08      3,05      3,00      2,97      2,92      2,89      2,84      2,95      
EKGYO   21,82     21,56     21,24     20,98     20,66     20,40     20,08     20,92     
EKIZ    67,66     65,08     61,56     58,98     55,46     52,88     49,36     58,05     
EKOS    5,07      5,00      4,90      4,83      4,73      4,66      4,56      4,80      
EKSUN   5,79      5,72      5,63      5,56      5,47      5,40      5,31      5,55      
ELITE   26,73     26,48     26,21     25,96     25,69     25,44     25,17     25,94     
EMKEL   13,31     13,20     13,07     12,96     12,83     12,72     12,59     12,94     
EMNIS   156,50    155,30    154,40    153,20    152,30    151,10    150,20    153,50    
EMPAE   68,63     67,16     64,28     62,81     59,93     58,46     55,58     61,40     
ENDAE   17,93     17,63     17,12     16,82     16,31     16,01     15,50     16,61     
ENERY   13,07     12,62     12,40     11,95     11,73     11,28     11,06     12,18     
ENJSA   119,66    118,83    118,06    117,23    116,46    115,63    114,86    117,30    
ENKAI   94,51     93,08     92,16     90,73     89,81     88,38     87,46     91,25     
ENSRI   4,73      4,66      4,53      4,46      4,33      4,26      4,13      4,41      
ENTRA   4,64      4,53      4,41      4,30      4,18      4,07      3,95      4,30      
EPLAS   6,93      6,54      6,35      5,96      5,77      5,38      5,19      6,16      
ERBOS   150,96    149,93    148,76    147,73    146,56    145,53    144,36    147,60    
ERCB    46,45     46,04     45,41     45,00     44,37     43,96     43,33     44,78     
EREGL   41,12     40,56     39,98     39,42     38,84     38,28     37,70     39,40     
ERSU    23,90     23,25     22,92     22,27     21,94     21,29     20,96     22,60     
ESCAR   45,12     44,46     44,00     43,34     42,88     42,22     41,76     43,54     
ESCOM   5,50      5,40      5,34      5,24      5,18      5,08      5,02      5,28      
ESEN    3,60      3,57      3,52      3,49      3,44      3,41      3,36      3,48      
ETILR   6,84      6,72      6,53      6,41      6,22      6,10      5,91      6,35      
ETYAT   16,01     15,33     14,86     14,18     13,71     13,03     12,56     14,40     
EUHOL   1,02      1,01      9,90      9,80      9,60      9,50      9,30      9,70      
EUKYO   15,86     15,33     14,76     14,23     13,66     13,13     12,56     14,19     
EUPWR   77,76     75,93     74,66     72,83     71,56     69,73     68,46     73,40     
EUREN   4,11      4,07      4,00      3,96      3,89      3,85      3,78      3,93      
EUYO    5,32      5,17      4,97      4,82      4,62      4,47      4,27      4,77      
EYGYO   2,95      2,88      2,81      2,74      2,67      2,60      2,53      2,74      
FADE    15,64     15,54     15,37     15,27     15,10     15,00     14,83     15,20     
FENER   3,04      3,01      2,98      2,95      2,92      2,89      2,86      2,95      
FLAP    15,13     14,17     13,68     12,72     12,23     11,27     10,78     13,19     
FMIZP   323,33    314,16    308,58    299,41    293,83    284,66    279,08    303,00    
FONET   4,79      4,74      4,66      4,61      4,53      4,48      4,40      4,58      
FORMT   1,53      1,51      1,49      1,47      1,45      1,43      1,41      1,47      
FORTE   123,50    121,70    118,40    116,60    113,30    111,50    108,20    115,10    
FRIGO   2,71      2,60      2,45      2,34      2,19      2,08      1,93      2,30      
FRMPL   32,92     32,61     32,12     31,81     31,32     31,01     30,52     31,64     
FROTO   85,86     84,68     83,76     82,58     81,66     80,48     79,56     82,85     
FZLGY   1,07      1,03      9,72      9,31      8,67      8,26      7,62      9,09      
GARAN   138,20    137,00    135,60    134,40    133,00    131,80    130,40    134,20    
GARFA   29,41     28,56     28,05     27,20     26,69     25,84     25,33     27,54     
GATEG   299,33    287,16    281,08    268,91    262,83    250,66    244,58    275,00    
GEDIK   5,77      5,74      5,69      5,66      5,61      5,58      5,53      5,65      
GEDZA   28,17     27,92     27,69     27,44     27,21     26,96     26,73     27,46     
GENIL   12,78     12,51     12,28     12,01     11,78     11,51     11,28     12,05     
GENKM   12,49     12,19     11,71     11,41     10,93     10,63     10,15     11,23     
GENTS   5,32      5,26      5,21      5,15      5,10      5,04      4,99      5,16      
GEREL   40,16     39,37     37,78     36,99     35,40     34,61     33,02     36,20     
GESAN   66,53     65,16     63,28     61,91     60,03     58,66     56,78     61,40     
GIPTA   76,75     75,30     73,45     72,00     70,15     68,70     66,85     71,60     
GLBMD   11,91     11,73     11,58     11,40     11,25     11,07     10,92     11,44     
GLCVY   56,25     55,20     54,10     53,05     51,95     50,90     49,80     53,00     
GLRMK   193,86    187,13    182,06    175,33    170,26    163,53    158,46    177,00    
GLRYH   3,13      3,10      3,05      3,02      2,97      2,94      2,89      3,00      
GLYHO   17,08     16,98     16,84     16,74     16,60     16,50     16,36     16,70     
GMTAS   52,08     50,85     50,08     48,85     48,08     46,85     46,08     49,32     
GOKNR   18,93     18,66     18,28     18,01     17,63     17,36     16,98     17,90     
GOLTS   308,16    304,08    301,66    297,58    295,16    291,08    288,66    299,25    
GOODY   2,81      2,77      2,75      2,71      2,69      2,65      2,63      2,73      
GOZDE   26,82     25,77     25,08     24,03     23,34     22,29     21,60     24,40     
GRNYO   15,22     14,42     14,02     13,22     12,82     12,02     11,62     13,62     
GRSEL   307,58    304,16    301,33    297,91    295,08    291,66    288,83    298,50    
GRTHO   254,26    244,33    236,56    226,63    218,86    208,93    201,16    228,80    
GSDDE   14,66     14,19     13,94     13,47     13,22     12,75     12,50     13,69     
GSDHO   4,82      4,77      4,71      4,66      4,60      4,55      4,49      4,65      
GSRAY   1,05      1,04      1,03      1,02      1,01      1,00      0,99      1,03      
GUBRF   518,16    513,33    507,91    503,08    497,66    492,83    487,41    502,50    
GUNDG   989,66    972,83    939,16    922,33    888,66    871,83    838,16    905,50    
GWIND   23,35     23,24     23,11     23,00     22,87     22,76     22,63     22,98     
GZNMI   51,78     51,26     50,39     49,87     49,00     48,48     47,61     49,52     
HALKB   54,42     53,38     51,69     50,65     48,96     47,92     46,23     50,00     
HATEK   14,92     14,50     13,65     13,23     12,38     11,96     11,11     12,81     
HATSN   70,55     69,05     66,60     65,10     62,65     61,15     58,70     64,15     
HDFGS   2,48      2,42      2,34      2,28      2,20      2,14      2,06      2,26      
HEDEF   39,82     38,40     35,56     34,14     31,30     29,88     27,04     32,72     
HEKTS   3,04      2,98      2,91      2,85      2,78      2,72      2,65      2,84      
HKTM    13,08     12,91     12,80     12,63     12,52     12,35     12,24     12,69     
HLGYO   4,72      4,65      4,56      4,49      4,40      4,33      4,24      4,48      
HOROZ   60,03     59,26     58,63     57,86     57,23     56,46     55,83     58,00     
HRKET   85,35     84,40     82,50     81,55     79,65     78,70     76,80     80,60     
HTTBT   35,95     35,66     35,27     34,98     34,59     34,30     33,91     34,88     
HUBVC   2,52      2,47      2,43      2,38      2,34      2,29      2,25      2,39      
HUNER   4,34      4,26      4,12      4,04      3,90      3,82      3,68      3,99      
HURGZ   9,07      8,81      8,52      8,26      7,97      7,71      7,42      8,24      
ICBCT   19,74     19,57     19,41     19,24     19,08     18,91     18,75     19,25     
ICUGS   4,10      4,03      3,96      3,89      3,82      3,75      3,68      3,89      
IDGYO   3,15      3,06      2,98      2,89      2,81      2,72      2,64      2,90      
IEYHO   233,93    231,86    229,43    227,36    224,93    222,86    220,43    227,00    
IHAAS   53,32     52,28     51,07     50,03     48,82     47,78     46,57     49,86     
IHEVA   2,10      2,05      2,02      1,97      1,94      1,89      1,86      1,99      
IHGZT   1,36      1,31      1,28      1,23      1,20      1,15      1,12      1,25      
IHLAS   1,32      1,24      1,20      1,12      1,08      1,00      0,96      1,16      
IHLGM   1,85      1,78      1,71      1,64      1,57      1,50      1,43      1,65      
IHYAY   1,31      1,28      1,26      1,23      1,21      1,18      1,16      1,24      
IMASM   2,40      2,38      2,34      2,32      2,28      2,26      2,22      2,31      
INDES   12,08     11,99     11,91     11,82     11,74     11,65     11,57     11,83     
INFO    5,48      5,32      5,10      4,94      4,72      4,56      4,34      4,88      
INGRM   385,00    381,50    374,50    371,00    364,00    360,50    353,50    367,50    
INTEK   227,26    226,53    225,06    224,33    222,86    222,13    220,66    223,60    
INTEM   253,80    251,40    248,80    246,40    243,80    241,40    238,80    246,20    
INVEO   7,01      6,93      6,85      6,77      6,69      6,61      6,53      6,77      
INVES   813,33    799,66    790,33    776,66    767,33    753,66    744,33    781,00    
ISATR   494,99    494,99    494,99    494,99    494,99    494,99    494,99    nan       
ISBIR   76,80     74,80     72,65     70,65     68,50     66,50     64,35     70,50     
ISBTR   512670,00 501335,00 495667,50 484332,50 478665,00 467330,00 461662,50 490000,00 
ISCTR   14,33     14,15     14,04     13,86     13,75     13,57     13,46     13,93     
ISDMR   66,08     63,86     62,43     60,21     58,78     56,56     55,13     61,00     
ISFIN   19,74     19,59     19,39     19,24     19,04     18,89     18,69     19,20     
ISGSY   16,26     16,14     15,99     15,87     15,72     15,60     15,45     15,84     
ISGYO   25,24     24,86     24,18     23,80     23,12     22,74     22,06     23,50     
ISKPL   7,27      7,17      7,05      6,95      6,83      6,73      6,61      6,93      
ISKUR   412,50    412,50    412,50    412,50    412,50    412,50    412,50    nan       
ISMEN   36,73     36,46     36,07     35,80     35,41     35,14     34,75     35,68     
ISSEN   7,21      7,13      7,02      6,94      6,83      6,75      6,64      6,91      
ISYAT   7,55      7,52      7,50      7,47      7,45      7,42      7,40      7,48      
IZENR   7,28      7,20      7,13      7,05      6,98      6,90      6,83      7,06      
IZFAS   63,65     61,35     56,75     54,45     49,85     47,55     42,95     52,15     
IZINV   50,44     50,07     49,54     49,17     48,64     48,27     47,74     49,02     
IZMDC   12,16     11,49     11,15     10,48     10,14     94,73     91,36     10,82     
JANTS   20,03     19,23     17,95     17,15     15,87     15,07     13,79     16,67     
KAPLM   388,83    383,41    375,83    370,41    362,83    357,41    349,83    368,25    
KAREL   8,35      8,28      8,20      8,13      8,05      7,98      7,90      8,12      
KARSN   17,51     16,98     15,92     15,39     14,33     13,80     12,74     14,86     
KARTN   172,66    167,83    164,66    159,83    156,66    151,83    148,66    161,50    
KATMR   1,94      1,91      1,90      1,87      1,86      1,83      1,82      1,89      
KAYSE   4,17      4,14      4,10      4,07      4,03      4,00      3,96      4,06      
KBORU   19,23     18,92     18,50     18,19     17,77     17,46     17,04     18,08     
KCAER   14,47     14,35     14,11     13,99     13,75     13,63     13,39     13,87     
KCHOL   230,20    228,30    226,90    225,00    223,60    221,70    220,30    225,50    
KENT    390,83    372,91    362,33    344,41    333,83    315,91    305,33    351,75    
KERVN   11,93     11,40     10,95     10,42     99,73     94,46     89,93     10,50     
KFEIN   8,29      8,23      8,12      8,06      7,95      7,89      7,78      8,01      
KGYO    12,59     12,11     11,85     11,37     11,11     10,63     10,37     11,60     
KIMMR   13,18     13,12     13,06     13,00     12,94     12,88     12,82     13,01     
KLGYO   4,97      4,92      4,86      4,81      4,75      4,70      4,64      4,80      
KLKIM   27,30     27,13     26,82     26,65     26,34     26,17     25,86     26,52     
KLMSN   28,92     28,65     28,42     28,15     27,92     27,65     27,42     28,20     
KLNMA   8,99      8,94      8,91      8,86      8,83      8,78      8,75      8,89      
KLRHO   66,03     64,56     63,38     61,91     60,73     59,26     58,08     62,20     
KLSER   23,72     23,62     23,46     23,36     23,20     23,10     22,94     23,30     
KLSYN   19,10     18,29     17,64     16,83     16,18     15,37     14,72     17,00     
KLYPV   66,35     65,40     63,55     62,60     60,75     59,80     57,95     61,70     
KMPUR   19,88     19,56     19,18     18,86     18,48     18,16     17,78     18,80     
KNFRT   12,66     12,53     12,27     12,14     11,88     11,75     11,49     12,01     
KOCMT   4,03      3,97      3,87      3,81      3,71      3,65      3,55      3,78      
KONKA   9,95      9,81      9,57      9,43      9,19      9,05      8,81      9,33      
KONTR   4,10      3,80      3,65      3,35      3,20      2,90      2,75      3,50      
KONYA   4704,16   4513,33   4386,66   4195,83   4069,16   3878,33   3751,66   4260,00   
KOPOL   5,31      5,26      5,21      5,16      5,11      5,06      5,01      5,16      
KORDS   81,76     80,68     79,16     78,08     76,56     75,48     73,96     77,65     
KOTON   12,36     12,32     12,27     12,23     12,18     12,14     12,09     12,23     
KRDMA   60,13     57,86     54,68     52,41     49,23     46,96     43,78     51,50     
KRDMB   10,35     10,24     10,02     99,10     96,90     95,80     93,60     98,00     
KRDMD   48,13     47,34     46,67     45,88     45,21     44,42     43,75     46,00     
KRGYO   4,03      3,89      3,80      3,66      3,57      3,43      3,34      3,71      
KRONT   23,22     22,74     22,28     21,80     21,34     20,86     20,40     21,82     
KRPLS   16,36     15,67     14,50     13,81     12,64     11,95     10,78     13,33     
KRSTL   8,99      8,94      8,84      8,79      8,69      8,64      8,54      8,74      
KRTEK   6,36      6,22      6,01      5,87      5,66      5,52      5,31      5,80      
KRVGD   2,41      2,39      2,35      2,33      2,29      2,27      2,23      2,32      
KSTUR   2411,33   2330,66   2290,33   2209,66   2169,33   2088,66   2048,33   2250,00   
KTLEV   50,20     47,69     42,66     40,15     35,12     32,61     27,58     37,64     
KTSKR   78,71     78,28     77,46     77,03     76,21     75,78     74,96     76,65     
KUTPO   80,98     80,16     79,43     78,61     77,88     77,06     76,33     78,70     
KUVVA   187,06    183,53    180,76    177,23    174,46    170,93    168,16    178,00    
KUYAS   77,10     75,55     74,10     72,55     71,10     69,55     68,10     72,65     
KZBGY   1,90      1,88      1,86      1,84      1,82      1,80      1,78      1,84      
KZGYO   33,14     31,82     30,94     29,62     28,74     27,42     26,54     30,06     
LIDER   23,54     23,11     22,34     21,91     21,14     20,71     19,94     21,58     
LIDFA   2,64      2,61      2,58      2,55      2,52      2,49      2,46      2,55      
LILAK   30,04     29,70     29,12     28,78     28,20     27,86     27,28     28,54     
LINK    5,92      5,69      5,50      5,27      5,08      4,85      4,66      5,31      
LKMNH   15,94     14,85     14,22     13,13     12,50     11,41     10,78     13,59     
LMKDC   23,82     23,57     23,06     22,81     22,30     22,05     21,54     22,56     
LOGO    149,76    146,83    143,86    140,93    137,96    135,03    132,06    140,90    
LRSHO   2,57      2,54      2,50      2,47      2,43      2,40      2,36      2,46      
LUKSK   84,25     83,65     83,35     82,75     82,45     81,85     81,55     83,05     
LXGYO   9,81      9,65      9,39      9,23      8,97      8,81      8,55      9,13      
LYDHO   144,00    142,50    140,50    139,00    137,00    135,50    133,50    138,50    
LYDYE   12472,50  12337,50  12170,00  12035,00  11867,50  11732,50  11565,00  12002,50  
MAALT   1031,00   1024,00   1018,00   1011,00   1005,00   9980,00   9920,00   1012,00   
MACKO   38,21     37,40     35,89     35,08     33,57     32,76     31,25     34,38     
MAGEN   38,80     38,09     37,04     36,33     35,28     34,57     33,52     36,00     
MAKIM   15,36     15,15     14,88     14,67     14,40     14,19     13,92     14,62     
MAKTK   9,95      9,87      9,77      9,69      9,59      9,51      9,41      9,67      
MANAS   39,06     38,09     36,14     35,17     33,22     32,25     30,30     34,20     
MARBL   12,61     12,50     12,34     12,23     12,07     11,96     11,80     12,19     
USHOL   83,36     80,93     77,86     75,43     72,36     69,93     66,86     74,80     
MARMR   2,22      2,20      2,16      2,14      2,10      2,08      2,04      2,13      
MARTI   3,14      2,97      2,85      2,68      2,56      2,39      2,27      2,74      
MAVI    39,39     38,60     38,05     37,26     36,71     35,92     35,37     37,50     
MCARD   196,06    189,33    183,86    177,13    171,66    164,93    159,46    178,40    
MEDTR   25,21     24,88     24,41     24,08     23,61     23,28     22,81     23,94     
MEGAP   1,68      1,68      1,67      1,67      1,66      1,66      1,65      1,67      
MEGMT   48,52     48,04     47,46     46,98     46,40     45,92     45,34     46,88     
MEKAG   3,06      3,03      2,97      2,94      2,88      2,85      2,79      2,92      
MEPET   22,83     22,30     21,51     20,98     20,19     19,66     18,87     20,72     
MERCN   20,58     19,91     19,43     18,76     18,28     17,61     17,13     18,96     
MERIT   16,64     16,38     16,22     15,96     15,80     15,54     15,38     16,07     
MERKO   1,28      1,26      1,24      1,22      1,20      1,18      1,16      1,22      
METRO   9,41      9,09      8,88      8,56      8,35      8,03      7,82      8,67      
MEYSU   11,59     11,45     11,28     11,14     10,97     10,83     10,66     11,12     
MGROS   568,16    559,83    553,66    545,33    539,16    530,83    524,66    547,50    
MHRGY   2,43      2,38      2,34      2,29      2,25      2,20      2,16      2,31      
MIATK   42,38     40,89     39,14     37,65     35,90     34,41     32,66     37,40     
MMCAS   50,56     50,05     49,02     48,51     47,48     46,97     45,94     48,00     
MNDRS   11,74     11,60     11,41     11,27     11,08     10,94     10,75     11,22     
MNDTR   5,45      5,37      5,23      5,15      5,01      4,93      4,79      5,10      
MOBTL   13,51     13,36     13,25     13,10     12,99     12,84     12,73     13,15     
MOGAN   17,37     16,06     15,41     14,10     13,45     12,14     11,49     14,76     
MOPAS   26,76     26,41     25,88     25,53     25,00     24,65     24,12     25,36     
MPARK   454,16    450,83    446,91    443,58    439,66    436,33    432,41    443,00    
MRGYO   2,38      2,26      2,20      2,08      2,02      1,90      1,84      2,14      
MRSHL   1981,33   1884,66   1836,33   1739,66   1691,33   1594,66   1546,33   1788,00   
MSGYO   5,81      5,77      5,72      5,68      5,63      5,59      5,54      5,67      
MTRKS   34,38     33,54     32,56     31,72     30,74     29,90     28,92     31,58     
MTRYO   9,23      9,13      9,06      8,96      8,89      8,79      8,72      8,99      
MZHLD   6,42      6,06      5,88      5,52      5,34      4,98      4,80      5,70      
NATEN   5,70      5,61      5,50      5,41      5,30      5,21      5,10      5,39      
NETAS   10,14     99,66     97,28     95,46     93,08     91,26     88,88     94,90     
NETCD   128,56    126,23    122,06    119,73    115,56    113,23    109,06    117,90    
NIBAS   4,85      4,76      4,59      4,50      4,33      4,24      4,07      4,42      
NTGAZ   11,75     11,64     11,48     11,37     11,21     11,10     10,94     11,32     
NTHOL   41,93     41,70     41,45     41,22     40,97     40,74     40,49     41,20     
NUGYO   9,43      9,36      9,24      9,17      9,05      8,98      8,86      9,12      
NUHCM   235,93    231,46    226,83    222,36    217,73    213,26    208,63    222,20    
OBAMS   5,65      5,59      5,52      5,46      5,39      5,33      5,26      5,46      
OBASE   37,03     36,58     36,27     35,82     35,51     35,06     34,75     35,96     
ODAS    7,71      7,63      7,51      7,43      7,31      7,23      7,11      7,40      
ODINE   781,50    781,50    781,50    781,50    781,50    781,50    781,50    781,50    
OFSYM   68,41     67,93     67,01     66,53     65,61     65,13     64,21     66,10     
ONCSM   179,90    177,70    173,70    171,50    167,50    165,30    161,30    169,70    
ONRYT   63,21     62,48     61,66     60,93     60,11     59,38     58,56     60,85     
ORCAY   3,53      3,49      3,44      3,40      3,35      3,31      3,26      3,39      
ORGE    23,66     23,48     23,24     23,06     22,82     22,64     22,40     23,00     
ORMA    151,66    151,13    150,56    150,03    149,46    148,93    148,36    150,00    
OSMEN   7,22      7,14      7,02      6,94      6,82      6,74      6,62      6,90      
OSTIM   1,72      1,68      1,66      1,62      1,60      1,56      1,54      1,64      
OTKAR   327,41    324,33    322,16    319,08    316,91    313,83    311,66    320,00    
OTTO    149,86    145,63    137,16    132,93    124,46    120,23    111,76    128,70    
OYAKC   22,77     22,58     22,45     22,26     22,13     21,94     21,81     22,32     
OYAYO   42,10     41,80     41,40     41,10     40,70     40,40     40,00     41,00     
OYLUM   7,18      7,13      7,03      6,98      6,88      6,83      6,73      6,94      
OYYAT   35,68     34,86     34,16     33,34     32,64     31,82     31,12     33,46     
OZATD   5208,33   4936,66   4793,33   4521,66   4378,33   4106,66   3963,33   4650,00   
OZGYO   2,14      2,11      2,09      2,06      2,04      2,01      1,99      2,07      
OZKGY   13,54     13,46     13,29     13,21     13,04     12,96     12,79     13,13     
OZRDN   30,89     30,44     29,95     29,50     29,01     28,56     28,07     29,46     
OZSUB   44,13     43,08     42,11     41,06     40,09     39,04     38,07     41,14     
OZYSR   13,31     12,95     12,70     12,34     12,09     11,73     11,48     12,45     
PAGYO   141,33    140,06    138,83    137,56    136,33    135,06    133,83    137,60    
PAHOL   1,40      1,38      1,36      1,34      1,32      1,30      1,28      1,34      
PAMEL   73,83     72,26     70,68     69,11     67,53     65,96     64,38     69,10     
PAPIL   13,98     13,66     13,23     12,91     12,48     12,16     11,73     12,81     
PARSN   75,48     74,66     73,73     72,91     71,98     71,16     70,23     72,80     
PASEU   10,08     99,43     96,56     95,13     92,26     90,83     87,96     93,70     
PATEK   28,54     26,90     26,08     24,44     23,62     21,98     21,16     25,26     
PCILT   33,78     32,89     32,14     31,25     30,50     29,61     28,86     31,40     
PEKGY   13,98     13,55     12,77     12,34     11,56     11,13     10,35     12,00     
PENGD   9,80      9,70      9,54      9,44      9,28      9,18      9,02      9,39      
PENTA   13,39     13,28     13,17     13,06     12,95     12,84     12,73     13,06     
PETKM   26,90     26,37     25,52     24,99     24,14     23,61     22,76     24,68     
PETUN   12,39     12,29     12,09     11,99     11,79     11,69     11,49     11,90     
PGSUS   159,86    157,93    156,06    154,13    152,26    150,33    148,46    154,20    
PINSU   10,46     10,40     10,31     10,25     10,16     10,10     10,01     10,22     
PKART   119,46    118,33    116,86    115,73    114,26    113,13    111,66    115,40    
PKENT   128,36    127,03    124,96    123,63    121,56    120,23    118,16    122,90    
PLTUR   20,86     20,68     20,44     20,26     20,02     19,84     19,60     20,20     
PNLSN   42,64     42,18     41,58     41,12     40,52     40,06     39,46     40,98     
PNSUT   12,90     12,71     12,37     12,18     11,84     11,65     11,31     12,03     
POLHO   22,52     22,36     22,24     22,08     21,96     21,80     21,68     22,12     
POLTK   4619,16   4485,83   4316,66   4183,33   4014,16   3880,83   3711,66   4147,50   
PRDGS   7,27      7,19      7,09      7,01      6,91      6,83      6,73      7,00      
PRKAB   33,00     32,58     32,20     31,78     31,40     30,98     30,60     31,82     
PRKME   18,97     18,83     18,56     18,42     18,15     18,01     17,74     18,29     
PRZMA   85,33     83,66     80,33     78,66     75,33     73,66     70,33     77,00     
PSDTC   150,73    149,06    147,03    145,36    143,33    141,66    139,63    145,00    
PSGYO   3,22      3,19      3,15      3,12      3,08      3,05      3,01      3,12      
QNBFK   41,16     41,13     41,06     41,03     40,96     40,93     40,86     41,00     
nan                                                                           nan       
QNBTR   185,80    185,00    184,60    183,80    183,40    182,60    182,20    184,20    
QUAGR   3,19      3,16      3,09      3,06      2,99      2,96      2,89      3,03      
RALYH   281,58    276,41    269,83    264,66    258,08    252,91    246,33    263,25    
RAYSG   155,96    154,83    153,86    152,73    151,76    150,63    149,66    152,90    
REEDR   5,53      5,50      5,45      5,42      5,37      5,34      5,29      5,41      
RGYAS   205,30    203,90    202,60    201,20    199,90    198,50    197,20    201,30    
RNPOL   2,46      2,39      2,35      2,28      2,24      2,17      2,13      2,31      
RODRG   24,23     23,94     23,65     23,36     23,07     22,78     22,49     23,36     
RTALB   2,87      2,84      2,80      2,77      2,73      2,70      2,66      2,76      
RUBNS   30,54     29,95     29,56     28,97     28,58     27,99     27,60     29,18     
RUZYE   1,06      1,03      9,91      9,59      9,14      8,82      8,37      9,46      
RYGYO   45,68     45,13     44,62     44,07     43,56     43,01     42,50     44,12     
RYSAS   28,27     27,62     27,11     26,46     25,95     25,30     24,79     26,60     
SAFKR   14,85     14,60     14,43     14,18     14,01     13,76     13,59     14,26     
SAHOL   98,45     97,30     96,30     95,15     94,15     93,00     92,00     95,30     
SAMAT   5,59      5,46      5,35      5,22      5,11      4,98      4,87      5,24      
SANEL   52,20     50,89     48,72     47,41     45,24     43,93     41,76     46,56     
SANFM   9,77      9,59      9,33      9,15      8,89      8,71      8,45      9,08      
SANKO   21,61     21,04     20,74     20,17     19,87     19,30     19,00     20,44     
SARKY   25,24     25,00     24,64     24,40     24,04     23,80     23,44     24,28     
SASA    3,14      3,02      2,92      2,80      2,70      2,58      2,48      2,82      
SAYAS   57,40     56,30     55,05     53,95     52,70     51,60     50,35     53,80     
SDTTR   21,52     21,30     21,00     20,78     20,48     20,26     19,96     20,70     
SEGMN   49,06     48,04     46,72     45,70     44,38     43,36     42,04     45,40     
SEGYO   3,74      3,69      3,61      3,56      3,48      3,43      3,35      3,53      
SEKFK   4,54      4,49      4,43      4,38      4,32      4,27      4,21      4,37      
SEKUR   1,03      1,01      9,91      9,70      9,43      9,22      8,95      9,64      
SELEC   430,83    416,66    388,33    374,16    345,83    331,66    303,33    360,00    
SELVA   1,61      1,59      1,57      1,55      1,53      1,51      1,49      1,55      
SERNT   8,78      8,64      8,47      8,33      8,16      8,02      7,85      8,30      
SEYKM   4,60      4,55      4,49      4,44      4,38      4,33      4,27      4,43      
SILVR   2,26      2,23      2,19      2,16      2,12      2,09      2,05      2,16      
SISE    48,84     47,42     46,20     44,78     43,56     42,14     40,92     44,98     
SKBNK   6,79      6,67      6,58      6,46      6,37      6,25      6,16      6,49      
SKTAS   3,34      3,30      3,27      3,23      3,20      3,16      3,13      3,24      
SKYLP   180,50    177,80    173,40    170,70    166,30    163,60    159,20    169,00    
SKYMD   18,41     18,04     17,43     17,06     16,45     16,08     15,47     16,82     
SMART   23,07     22,78     22,53     22,24     21,99     21,70     21,45     22,28     
SMRTG   8,70      8,59      8,47      8,36      8,24      8,13      8,01      8,35      
SMRVA   10,88     10,78     10,58     10,48     10,28     10,18     99,86     10,39     
SNGYO   3,33      3,30      3,27      3,24      3,21      3,18      3,15      3,24      
SNICA   3,26      3,23      3,19      3,16      3,12      3,09      3,05      3,15      
SNPAM   19,65     19,63     19,59     19,57     19,53     19,51     19,47     19,55     
SODSN   7,83      7,64      7,47      7,28      7,11      6,92      6,75      7,30      
SOKE    11,57     11,45     11,33     11,21     11,09     10,97     10,85     11,21     
SOKM    63,80     62,70     62,05     60,95     60,30     59,20     58,55     61,40     
SONME   155,43    149,66    144,53    138,76    133,63    127,86    122,73    139,40    
SRVGY   2,60      2,57      2,52      2,49      2,44      2,41      2,36      2,48      
SUMAS   261,25    261,00    260,50    260,25    259,75    259,50    259,00    260,00    
SUNTK   34,96     34,32     33,38     32,74     31,80     31,16     30,22     32,44     
SURGY   31,79     31,40     30,85     30,46     29,91     29,52     28,97     30,30     
SUWEN   7,23      7,06      6,98      6,81      6,73      6,56      6,48      6,90      
SVGYO   16,40     16,21     15,94     15,75     15,48     15,29     15,02     15,67     
TABGD   245,56    241,53    238,16    234,13    230,76    226,73    223,36    234,80    
TARKM   540,50    536,00    529,50    525,00    518,50    514,00    507,50    523,00    
TATEN   8,34      8,19      7,96      7,81      7,58      7,43      7,20      7,73      
TATGD   18,29     18,14     17,98     17,83     17,67     17,52     17,36     17,83     
TAVHL   280,08    277,66    276,08    273,66    272,08    269,66    268,08    274,50    
TBORG   139,00    137,80    136,40    135,20    133,80    132,60    131,20    135,00    
TCELL   109,86    107,63    105,66    103,43    101,46    992,33    972,66    103,70    
TCKRC   155,70    150,20    145,60    140,10    135,50    130,00    125,40    141,00    
TDGYO   19,73     19,21     18,49     17,97     17,25     16,73     16,01     17,77     
TEHOL   52,25     51,40     49,70     48,85     47,15     46,30     44,60     48,00     
TEKTU   8,20      7,92      7,63      7,35      7,06      6,78      6,49      7,34      
TERA    228,20    219,60    212,60    204,00    197,00    188,40    181,40    205,60    
TEZOL   9,49      9,37      9,18      9,06      8,87      8,75      8,56      9,00      
TGSAS   233,83    228,66    220,73    215,56    207,63    202,46    194,53    212,80    
THYAO   307,08    304,91    302,58    300,41    298,08    295,91    293,58    300,25    
TKFEN   230,90    225,50    221,40    216,00    211,90    206,50    202,40    217,30    
TKNSA   18,02     17,64     17,11     16,73     16,20     15,82     15,29     16,59     
TLMAN   80,93     80,46     79,68     79,21     78,43     77,96     77,18     78,90     
TMPOL   330,66    324,33    311,66    305,33    292,66    286,33    273,66    299,00    
TMSN    75,45     74,80     73,90     73,25     72,35     71,70     70,80     73,00     
TNZTP   33,67     32,56     31,97     30,86     30,27     29,16     28,57     31,38     
TOASO   318,08    308,91    304,33    295,16    290,58    281,41    276,83    299,75    
TRALT   57,13     56,01     54,83     53,71     52,53     51,41     50,23     53,65     
TRCAS   50,74     50,37     49,92     49,55     49,10     48,73     48,28     49,48     
TRENJ   112,53    111,16    109,73    108,36    106,93    105,56    104,13    108,30    
TRGYO   96,60     96,10     95,30     94,80     94,00     93,50     92,70     94,50     
TRHOL   4416,66   4258,33   4179,16   4020,83   3941,66   3783,33   3704,16   4100,00   
TRILC   1,18      1,13      1,09      1,04      1,00      0,95      0,91      1,05      
TRMET   145,96    143,93    141,96    139,93    137,96    135,93    133,96    140,00    
TSGYO   6,05      5,97      5,90      5,82      5,75      5,67      5,60      5,83      
TSKB    11,75     11,62     11,49     11,36     11,23     11,10     10,97     11,36     
TSPOR   1,06      1,05      1,04      1,03      1,02      1,01      1,00      1,04      
TTKOM   68,58     64,71     62,78     58,91     56,98     53,11     51,18     60,85     
TTRAK   443,25    441,50    438,75    437,00    434,25    432,50    429,75    436,00    
TUCLK   4,02      3,97      3,92      3,87      3,82      3,77      3,72      3,88      
TUKAS   2,11      2,09      2,06      2,04      2,01      1,99      1,96      2,04      
TUPRS   430,00    425,50    419,50    415,00    409,00    404,50    398,50    413,50    
TUREX   6,24      6,19      6,12      6,07      6,00      5,95      5,88      6,05      
TURGG   35,09     33,46     32,31     30,68     29,53     27,90     26,75     31,16     
TURSG   6,37      6,31      6,24      6,18      6,11      6,05      5,98      6,18      
UCAYM   23,86     23,40     22,66     22,20     21,46     21,00     20,26     21,92     
UFUK    1477,66   1453,33   1425,66   1401,33   1373,66   1349,33   1321,66   1398,00   
ULAS    22,86     22,58     22,06     21,78     21,26     20,98     20,46     21,54     
ULKER   96,25     95,45     94,85     94,05     93,45     92,65     92,05     94,25     
ULUFA   1,74      1,72      1,69      1,67      1,64      1,62      1,59      1,67      
ULUSE   252,86    244,33    238,96    230,43    225,06    216,53    211,16    233,60    
ULUUN   8,48      8,40      8,23      8,15      7,98      7,90      7,73      8,07      
UMPAS   103,33    100,06    965,33    932,67    897,33    864,67    829,33    nan       
UNLU    11,21     11,04     10,83     10,66     10,45     10,28     10,07     10,62     
USAK    1,24      1,22      1,21      1,19      1,18      1,16      1,15      1,20      
VAKBN   42,96     40,52     39,30     36,86     35,64     33,20     31,98     38,08     
VAKFA   11,75     11,60     11,51     11,36     11,27     11,12     11,03     11,42     
VAKFN   1,19      1,17      1,16      1,14      1,13      1,11      1,10      1,15      
VAKKO   68,40     67,90     67,25     66,75     66,10     65,60     64,95     66,60     
VANGD   92,31     91,33     89,81     88,83     87,31     86,33     84,81     88,30     
VBTYZ   38,66     37,91     37,00     36,25     35,34     34,59     33,68     36,10     
VERTU   34,45     34,24     33,99     33,78     33,53     33,32     33,07     33,74     
VERUS   615,50    596,50    573,00    554,00    530,50    511,50    488,00    549,50    
VESBE   5,90      5,87      5,82      5,79      5,74      5,71      5,66      5,78      
VESTL   26,94     26,70     26,28     26,04     25,62     25,38     24,96     25,86     
VKFYO   24,14     23,57     23,14     22,57     22,14     21,57     21,14     22,72     
VKGYO   1,99      1,97      1,96      1,94      1,93      1,91      1,90      1,95      
VKING   21,37     21,06     20,75     20,44     20,13     19,82     19,51     20,44     
VRGYO   1,88      1,86      1,83      1,81      1,78      1,76      1,73      1,80      
VSNMD   41,74     41,50     41,16     40,92     40,58     40,34     40,00     40,82     
YAPRK   10,77     10,73     10,66     10,62     10,55     10,51     10,44     10,59     
YATAS   32,37     31,92     31,69     31,24     31,01     30,56     30,33     31,46     
YAYLA   23,43     23,14     22,65     22,36     21,87     21,58     21,09     22,16     
YBTAS   12,72     12,71     12,69     12,68     12,66     12,65     12,63     12,67     
YEOTK   38,20     36,32     35,38     33,50     32,56     30,68     29,74     34,44     
YESIL   1,17      1,16      1,14      1,13      1,11      1,10      1,08      1,13      
YGGYO   229,50    228,00    225,90    224,40    222,30    220,80    218,70    223,80    
YIGIT   23,48     23,11     22,68     22,31     21,88     21,51     21,08     22,26     
YKBNK   37,89     37,40     37,05     36,56     36,21     35,72     35,37     36,70     
YKSLN   4,20      4,20      4,20      4,20      4,20      4,20      4,20      4,20      
YONGA   45,06     44,79     44,24     43,97     43,42     43,15     42,60     43,70     
YUNSA   7,80      7,70      7,64      7,54      7,48      7,38      7,32      7,58      
YYAPI   0,79      0,79      0,78      0,78      0,77      0,77      0,76      0,78      
YYLGD   10,34     10,26     10,18     10,10     10,02     99,46     98,63     10,10     
ZEDUR   7,63      7,58      7,50      7,45      7,37      7,32      7,24      7,43      
ZERGY   10,99     10,55     10,32     98,86     96,53     92,16     89,83     10,09     
ZGYO    24,85     24,42     23,57     23,14     22,29     21,86     21,01     22,72     
ZOREN   2,61      2,57      2,52      2,48      2,43      2,39      2,34      2,47      
ZRGYO   22,08     21,53     20,76     20,21     19,44     18,89     18,12     20,00     
